Ticker,Close,MA3,MA5,MA10,MA20,MA50,MA100,Range_Ticks,Vol_Pct,Volume,MA_Tight,Signal
AALI.JK,8400.0,8283.333333333334,8165.0,8030.0,7650.0,6854.0,7036.076044921875,61.84,1.9920896733608033,1120500,False,False
ABBA.JK,30.0,30.0,30.0,30.0,30.0,30.18,34.23,0.17999999999999972,0.0,0,True,False
ABDA.JK,4020.0,4006.6666666666665,3928.0,3869.0,3815.5,3558.4,3364.2,46.15999999999999,1.5673174924780167,3300,False,False
ABMM.JK,2770.0,2756.6666666666665,2740.0,2722.0,2693.5,2519.6,2589.3266479492186,25.04000000000001,1.1183564634927963,303800,False,False
ACES.JK,354.0,354.6666666666667,356.4,358.2,357.6,349.44,339.98301849365237,4.3799999999999955,1.2357369847288218,5296900,True,True
ACST.JK,88.0,87.33333333333333,86.6,85.8,85.8,82.18,84.88,5.819999999999993,1.7501676475031407,36400,True,False
ADCP.JK,50.0,50.0,50.0,50.0,50.0,50.0,50.32,0.0,0.0,0,True,False
ADHI.JK,133.0,133.0,133.0,134.2,139.95,151.18,165.37,18.180000000000007,1.17153340426923,0,False,False
ADMF.JK,8700.0,8716.666666666666,8715.0,8690.0,8690.0,8374.5,8387.007685546874,13.686666666666643,0.3952607834740789,46200,False,False
ADMG.JK,262.0,252.66666666666666,253.2,255.0,250.6,226.18,214.93,17.909999999999997,2.0475315221155066,3423200,False,False
ADMR.JK,1585.0,1673.3333333333333,1690.0,1681.5,1647.75,1537.0,1605.4743103027345,30.6,2.8769973647492786,57206800,False,False
ADRO.JK,2660.0,2760.0,2730.0,2656.0,2591.0,2479.2,2421.1110034179687,28.08000000000002,3.090949841112471,61591200,False,False
AGII.JK,3000.0,3000.0,2948.0,2894.0,2914.5,2884.4,2895.01533203125,11.559999999999992,2.5695402351610124,40500,False,False
AGRO.JK,154.0,150.66666666666666,148.6,149.3,149.1,146.3,158.57,7.699999999999989,1.809019026509626,17662000,False,False
AGRS.JK,62.0,61.333333333333336,61.0,61.0,60.95,60.9,63.62,1.1000000000000014,1.2089904905014164,6345300,True,False
AHAP.JK,102.0,101.33333333333333,99.2,99.9,97.85,93.58,96.69,8.420000000000002,3.447101508614086,9732400,False,False
AIMS.JK,550.0,486.3333333333333,443.0,413.5,403.25,399.86,408.31,30.028,8.354093637574405,4573100,False,False
AISA.JK,120.0,119.66666666666667,118.8,119.2,118.9,111.36,113.34,8.64,2.86324320865031,1383600,False,False
AKKU.JK,38.0,38.0,38.0,38.0,38.0,38.0,38.0,0.0,0.0,0,True,False
AKPI.JK,515.0,516.6666666666666,509.6,507.9,506.95,495.76,502.0995111083984,4.181333333333328,1.6935404454693541,192400,True,False
AKRA.JK,1405.0,1420.0,1402.0,1393.0,1404.25,1344.7515478515625,1332.8586462402343,15.049690429687507,2.7943456316482918,7563500,False,False
AKSI.JK,252.0,251.33333333333334,246.4,239.8,235.5,225.52,245.8,13.239999999999995,1.6338733270113945,68200,False,False
ALDO.JK,950.0,945.0,937.0,929.0,894.0,798.919423828125,725.2234869384765,30.216115234375003,1.1755255465756425,24400,False,False
ALII.JK,775.0,773.3333333333334,781.0,790.5,792.75,757.6547998046875,804.3220715332031,7.019040039062498,2.667616732645326,522000,False,False
ALKA.JK,4580.0,4580.0,4580.0,4388.0,3364.0,1874.7,1238.02,270.53000000000003,8.46080993559924,0,False,False
ALMI.JK,74.0,74.0,74.0,74.0,74.0,74.0,74.0,0.0,0.0,0,True,False
ALTO.JK,18.0,18.0,18.0,18.0,18.0,18.0,18.0,0.0,0.0,0,True,False
AMAG.JK,390.0,390.0,390.0,389.4,389.3,390.04,394.5541711425781,0.37000000000000455,0.242369605236339,900,True,False
AMAN.JK,224.0,223.33333333333334,225.2,229.2,237.0,251.44,258.8,14.053333333333327,1.9588152367867806,208700,False,False
AMAR.JK,234.0,234.0,232.8,230.8,224.82999801635742,210.30237976074218,198.37397232055665,11.848810119628908,1.1798553215513004,175900,False,False
AMFG.JK,3330.0,3330.0,3330.0,3330.0,3334.5,3172.265810546875,3121.551496582031,16.223418945312506,0.0,20000,False,False
AMOR.JK,354.0,356.6666666666667,356.0,356.6,357.9,342.88,343.9,7.509999999999991,0.7858551356610368,29700,False,False
AMRT.JK,1315.0,1330.0,1341.0,1367.0,1376.5,1378.4,1368.9126098632812,12.680000000000017,2.375085758463487,15344600,False,False
ANDI.JK,16.0,16.0,16.4,16.6,17.2,17.38,19.45,1.379999999999999,3.419315301054825,1666300,True,False
ANJT.JK,1610.0,1605.0,1602.0,1586.5,1541.75,1492.5,1573.4,23.5,1.9196044242518906,14500,False,False
ANTM.JK,3030.0,3070.0,3110.0,3124.0,3096.5,2972.2,3074.8243823242187,15.180000000000017,1.746948011399006,53683800,False,False
APEX.JK,202.0,198.33333333333334,194.0,191.6,182.05,153.9,159.57,24.049999999999997,4.351172177954862,13158000,False,False
APII.JK,191.0,191.66666666666666,191.4,190.5,189.95,185.11824157714844,183.47604370117188,6.5484250895182186,1.0315092218290272,32800,False,False
APLN.JK,136.0,136.0,135.8,138.5,133.55,127.02,143.7,11.480000000000004,3.65312258513629,12411200,False,False
ARCI.JK,1240.0,1295.0,1344.0,1360.0,1286.75,1124.3,1221.0597534179688,47.14000000000001,4.024212005922599,45723500,False,False
ARGO.JK,1175.0,1163.3333333333333,1152.0,1149.5,1162.0,1085.7,1001.55,17.859999999999992,0.9679206155121852,254900,False,False
ARII.JK,298.0,295.3333333333333,294.8,292.0,285.9,279.28,280.52,9.360000000000014,1.2243619430303627,13900,False,False
ARKO.JK,4880.0,4913.333333333333,4968.0,5111.5,5029.0,4949.2,6206.2,23.15,4.831997218109038,1393100,False,False
ARNA.JK,500.0,501.0,496.6,493.7,496.15,476.82,471.2347705078125,12.090000000000003,0.7829689475169919,1247500,False,False
ARTA.JK,2250.0,2270.0,2284.0,2279.0,2345.5,2437.8,2472.45,18.78000000000002,2.0895284998478374,700,False,False
ARTI.JK,2.0,2.0,2.0,2.0,2.0,2.0,2.0,0.0,0.0,0,True,False
ASBI.JK,408.0,398.6666666666667,402.8,408.8,414.1,417.16,411.4437930297852,9.24666666666667,2.430541881832425,681800,False,False
ASDM.JK,510.0,515.0,513.0,511.5,512.0,510.31766906738284,510.78306243896486,1.0,1.457455654846947,105000,True,False
ASGR.JK,2180.0,2230.0,2174.0,2001.5,1891.75,1801.7,1675.5900256347657,42.83,4.6339960058179255,1678600,False,False
ASII.JK,4860.0,4860.0,4834.0,4804.0,4874.5,4880.0,5182.222294921875,7.6,1.100848517781159,15801400,False,False
ASJT.JK,162.0,162.33333333333334,162.0,161.1,157.5,158.56,166.83954727172852,4.833333333333343,2.2289854885592186,56600,True,False
ASMI.JK,15.0,15.666666666666666,15.6,15.8,16.15,16.26,16.86,1.2600000000000016,5.5496917343159975,867500,False,False
ASPI.JK,420.0,410.0,402.8,394.4,403.7,409.62,409.17,12.800000000000011,1.9778034803157867,872900,False,False
ASRM.JK,276.0,276.6666666666667,278.0,274.8,271.5,260.32,265.3366888427734,8.840000000000003,1.55925541731076,1400,False,False
ATAP.JK,560.0,561.6666666666666,557.0,576.0,584.5,535.46,492.37,9.807999999999993,3.928909881698657,246500,False,False
AUTO.JK,3350.0,3390.0,3380.0,3203.0,3012.0,2723.6,2625.978181152344,66.64000000000001,2.212570337365969,1697600,False,False
BABP.JK,50.0,50.0,50.0,50.0,50.0,50.0,50.58,0.0,0.0,436600,True,False
BACA.JK,122.0,120.0,119.2,117.9,117.45,111.94,119.72,10.060000000000002,1.4068034029333236,4650600,False,False
BALI.JK,1415.0,1423.3333333333333,1354.0,1311.0,1263.5,1253.6,1254.3,33.94666666666667,4.4891055614964515,12700,False,False
BAPA.JK,157.0,158.0,158.8,151.4,153.05,216.54,220.09,65.13999999999999,7.217212046659335,8704300,False,False
BATA.JK,59.0,59.0,59.0,59.0,59.0,59.08,61.21,0.0799999999999983,0.0,0,True,False
BAYU.JK,1335.0,1345.0,1338.0,1302.5,1241.75,1180.7,1186.590732421875,32.85999999999999,1.6767012537073733,51700,False,False
BBCA.JK,6650.0,6575.0,6510.05791015625,6432.712353515625,6390.304052734375,6246.8165625,6136.72873046875,16.127337499999996,0.9047185633406394,59025800,False,False
BBHI.JK,870.0,881.6666666666666,890.0,896.5,901.75,912.6010375976563,991.2510040283203,8.520207519531255,0.9817450575427269,274000,False,False
BBKP.JK,55.0,55.0,54.6,54.8,54.95,53.32,55.99,1.6799999999999997,1.722569994176705,29123900,True,False
BBLD.JK,680.0,693.3333333333334,694.0,687.0,645.5,596.4,619.8763000488282,19.520000000000003,5.746641987944039,28100,False,False
BBMD.JK,2020.0,2006.6666666666667,1996.0,1985.0,1998.0,1969.1,1946.1601403808593,5.090000000000009,1.4957771571184582,1400,True,False
BBNI.JK,3890.0,3873.3333333333335,3822.0,3735.0,3675.0,3527.4,3623.2,36.25999999999999,1.5199278668038405,14746400,False,False
BBRI.JK,3370.0,3333.3333333333335,3268.0,3210.0,3148.5,2986.0,3022.6865747070315,38.4,1.8282702867956377,133434700,False,False
BBSI.JK,4680.0,4680.0,4682.0,4675.0,4669.0,4685.4,4635.2,1.6399999999999637,0.2565952716048259,1500,True,False
BBTN.JK,1230.0,1236.6666666666667,1233.0,1221.0,1220.75,1199.5,1252.95,7.433333333333349,1.0453684976910294,5756900,False,False
BCAP.JK,50.0,50.0,50.0,50.0,50.0,50.04,50.69,0.03999999999999915,0.0,84100,True,False
BCIC.JK,138.0,138.66666666666666,135.8,132.6,130.4,126.9,123.76,11.766666666666652,2.2968468320762705,407700,False,False
BCIP.JK,62.0,62.0,62.4,63.1,63.05,61.36,64.66,1.740000000000002,1.4377110688823778,5781100,True,False
BDMN.JK,4310.0,4326.666666666667,4314.0,4294.0,4289.0,4141.8,4058.3781005859373,18.48666666666668,1.3022275642485064,909900,False,False
BEKS.JK,24.0,23.333333333333332,23.2,23.1,23.0,21.68,23.15,2.3200000000000003,3.5286572862854735,3841000,True,True
BELL.JK,114.0,114.33333333333333,114.2,114.7,115.3,110.96,120.01,4.340000000000003,1.2281231258896061,5319400,True,False
BFIN.JK,960.0,956.6666666666666,934.0,909.0,910.75,834.2,774.0684436035157,25.15999999999999,2.8856817226654865,7300800,False,False
BGTG.JK,125.0,121.33333333333333,118.8,114.4,112.65,110.9,113.45,14.099999999999994,2.920578212245959,66274700,False,False
BHIT.JK,26.0,26.0,25.6,25.4,25.75,25.94,28.42,0.6000000000000014,3.247638599968082,5422000,True,False
BIKA.JK,55.0,55.0,55.0,55.0,55.0,55.0,55.0,0.0,0.0,0,True,False
BIMA.JK,82.0,82.0,82.0,82.0,82.0,82.0,82.0,0.0,0.0,0,True,False
BIPI.JK,149.0,149.33333333333334,149.2,148.5,150.25,142.2,176.12,8.050000000000011,4.4985665325436415,192663100,False,False
BIPP.JK,67.0,66.66666666666667,67.0,67.6,67.85,64.08,67.26,3.769999999999996,6.28134424253794,4245200,False,False
BIRD.JK,1615.0,1625.0,1626.0,1634.0,1629.0,1592.259404296875,1508.797606201172,8.348119140625021,0.5389970645735352,307400,False,False
BISI.JK,720.0,721.6666666666666,721.0,705.0,696.0,665.7,696.8769512939454,11.193333333333317,1.551604183581674,156500,False,False
BJBR.JK,795.0,793.3333333333334,792.0,790.5,789.75,780.0,775.48013671875,3.0,0.62833347928999,1609200,True,True
BJTM.JK,530.0,528.3333333333334,525.0,522.0,519.0,516.2,519.0264099121093,2.759999999999991,0.46451628601327805,1812000,True,True
BKDP.JK,142.0,143.66666666666666,150.6,159.8,164.4,146.5,124.47,22.400000000000006,5.6274755219685755,1148400,False,False
BKSL.JK,76.0,75.33333333333333,74.8,75.6,74.65,68.56,79.83,7.439999999999998,2.846927235064713,44852000,False,False
BLTA.JK,33.0,33.333333333333336,33.0,32.7,32.85,32.82,35.77,0.6333333333333329,3.225963166412968,1877200,True,False
BLTZ.JK,2000.0,2000.0,2000.0,2080.0,2260.0,2528.2,2638.6,105.63999999999996,3.0025139336225974,0,False,False
BLUE.JK,2760.0,2746.6666666666665,2750.0,2684.0,2553.0,2747.2,2982.7355883789064,20.7,5.194834476465781,165100,False,False
BMRI.JK,4340.0,4296.666666666667,4270.0,4222.0,4201.0,4158.6,4172.040458984375,18.139999999999965,1.0191686688006918,81777800,False,False
BMSR.JK,316.0,312.6666666666667,312.0,311.8,308.3,304.0,308.5,6.0,1.5077677198017982,16400,False,False
BMTR.JK,114.0,113.66666666666667,114.0,114.7,114.9,115.22,129.82,1.5533333333333275,1.686990257128815,30765500,True,False
BNBA.JK,765.0,776.6666666666666,753.0,739.5,737.25,739.3,736.2,7.883333333333326,3.4395968063394915,404600,False,False
BNGA.JK,1700.0,1691.6666666666667,1690.0,1680.0,1665.75,1623.9,1632.6829626464844,15.219999999999981,0.6849305054677204,1331300,False,False
BNII.JK,196.0,195.0,194.2,193.3,193.6,190.68,193.32095581054688,5.319999999999993,0.5359662170819394,403300,True,False
BNLI.JK,2170.0,2163.3333333333335,2162.0,2161.0,2162.5,2283.4,2713.376845703125,12.240000000000009,0.6942018167941858,68200,False,False
BOBA.JK,216.0,214.66666666666666,212.8,210.8,212.0,238.96,250.36699127197267,14.079999999999998,1.612426347328363,202800,False,False
BOGA.JK,1710.0,1641.6666666666667,1629.0,1595.5,1623.75,1567.1,1447.2,28.58000000000002,2.9904432877558884,17400,False,False
BOLA.JK,159.0,154.33333333333334,151.4,150.2,151.85,155.14,157.86,8.800000000000011,1.6053650906744013,9794900,False,False
BOLT.JK,795.0,796.6666666666666,796.0,795.0,797.0,789.1,811.6782830810547,1.5799999999999954,1.72012087131489,6300,True,False
BOSS.JK,50.0,50.0,50.0,50.0,50.0,50.0,50.0,0.0,0.0,0,True,False
BPFI.JK,244.0,243.33333333333334,242.0,245.8,252.8,250.93922088623046,254.61115188598632,5.400000000000006,2.1342838311735504,135500,True,False
BPII.JK,480.0,486.0,489.2,494.9501220703125,471.2112091064453,449.02338745117186,455.9341146850586,22.963367309570316,1.7715977313086728,4500,False,False
BPTR.JK,75.0,75.33333333333333,75.8,76.3,76.05,72.64,76.02,3.6599999999999966,1.0370560153505606,1340700,True,False
BRMS.JK,715.0,731.6666666666666,742.0,716.5,666.0,592.06,652.3,29.98800000000001,4.3824876767524374,120098700,False,False
BRNA.JK,615.0,603.3333333333334,600.0,612.5,633.0,606.1,623.5,6.6,2.1389248688724156,135300,False,False
BRPT.JK,1800.0,1805.0,1817.0,1832.0,1853.0,1727.908251953125,1818.2055725097657,25.01834960937499,3.0055199517084144,52088600,False,False
BSDE.JK,645.0,648.3333333333334,646.0,642.0,617.5,586.5,646.1,12.366666666666674,2.557994256173211,7379100,False,False
BSSR.JK,4710.0,4723.333333333333,4648.0,4555.0,4448.5,4275.446772460938,3935.134375,44.788656087239545,1.4452906381046298,659500,False,False
BTEK.JK,10.0,9.666666666666666,10.0,10.2,10.45,10.52,11.48,0.8533333333333335,9.249128219410748,32753300,False,False
BTON.JK,360.0,362.6666666666667,361.6,362.6,363.9,356.88,365.0,3.509999999999991,1.0765502352576994,22300,True,False
BTPN.JK,2280.0,2263.3333333333335,2254.0,2217.0,2188.5,2182.2,2162.5183850097656,9.780000000000019,1.360008411704718,34100,False,False
BTPS.JK,995.0,988.3333333333334,985.0,985.0,986.5,992.9,990.0127368164062,2.0,0.6254193911676501,2168300,True,True
BUDI.JK,230.0,234.66666666666666,234.8,228.4,223.2,212.8,210.78,11.0,2.7167244337175784,460300,False,False
BUKA.JK,112.0,110.0,108.6,110.8,113.95,108.96,122.83,5.3500000000000085,3.3275208306964643,44700000,True,False
BULL.JK,444.0,445.3333333333333,440.8,444.6,442.4,397.4,415.85,23.96666666666667,4.267278371900359,105521100,False,False
BUMI.JK,204.0,200.66666666666666,197.2,193.2,186.9,166.06,182.49,18.97,3.8716976799383995,1422326000,False,False
BUVA.JK,770.0,763.3333333333334,750.0,742.5,748.25,805.5,880.4,12.6,3.813603277638468,94695400,False,False
BVIC.JK,97.0,96.0,94.4,93.6,93.15,88.76,93.97,8.239999999999995,1.548679661882169,9093700,False,False
BWPT.JK,126.0,114.33333333333333,110.4,107.0,99.15,86.06,96.15,39.94,9.323131719351707,1440026400,False,False
CAKK.JK,158.0,158.0,156.0,150.4,145.65,139.9,147.33,18.099999999999994,1.7522341042727891,389000,False,False
CAMP.JK,173.0,171.33333333333334,171.0,170.4,170.65,170.38,181.21,2.6200000000000045,0.7943567449870261,1686700,True,False
CARS.JK,113.0,111.0,108.4,103.9,97.9,90.88,91.59,22.120000000000005,3.5387467976742366,22731300,False,False
CASA.JK,1800.0,1801.6666666666667,1804.0,1817.5,1817.5,1832.7,1618.6,6.540000000000009,3.1146731019872353,6200,False,False
CASH.JK,236.0,241.33333333333334,242.8,234.8,226.1,208.52,207.19,17.14,3.690834569363133,795200,False,False
CCSI.JK,290.0,284.6666666666667,272.8,263.4,259.3,252.84,254.88,18.58,3.9995228491064148,1356200,False,False
CEKA.JK,2180.0,2183.3333333333335,2182.0,2190.0,2199.0,2175.6,2177.9484375,2.340000000000009,0.743881724202176,45900,True,False
CFIN.JK,362.0,358.0,356.0,355.8,353.0,340.17058227539064,317.94561279296875,10.914708862304678,1.1386950838726764,1274400,False,False
CINT.JK,185.0,184.33333333333334,182.4,181.0,178.9,171.96,181.24,13.039999999999992,0.8402637221850551,224100,False,False
CITA.JK,3330.0,3303.3333333333335,3280.0,3250.0,3243.0,3179.0,3265.259592285156,15.1,0.6407738135809748,111400,False,False
CITY.JK,177.0,176.33333333333334,176.2,176.3,175.95,170.06,176.62,6.939999999999998,1.092330186953052,204500,False,False
CLEO.JK,406.0,407.3333333333333,406.0,402.0,391.9,384.01456359863283,385.702412109375,11.65938486735024,2.2050872738452028,5124000,False,False
CLPI.JK,1605.0,1605.0,1601.0,1599.0,1599.25,1544.6892260742188,1494.1637084960937,12.062154785156235,0.45362435418934777,115200,False,False
CMNP.JK,1420.0,1408.3333333333333,1398.0,1384.0,1377.25,1355.7,1408.95,12.85999999999999,0.9373814066365378,8300,False,False
CMNT.JK,745.0,750.0,747.0,759.5,776.5,784.6,791.3,7.920000000000004,1.5283068990152973,18854500,False,False
CMPP.JK,69.0,69.0,69.0,69.0,69.0,69.12,72.85,0.12000000000000455,0.0,0,True,False
CNKO.JK,37.0,37.0,37.0,37.0,37.0,36.94,42.53,0.060000000000002274,0.0,0,True,False
COAL.JK,31.0,31.0,31.0,31.0,29.5,24.94,38.12,6.059999999999999,0.0,0,False,False
COCO.JK,121.0,118.66666666666667,111.2,106.0,105.0,124.81169082641601,211.555845413208,19.81169082641601,7.798385958781613,1206454000,False,False
CPIN.JK,3040.0,3026.6666666666665,3032.0,3016.0,3060.0,3117.4,3495.240930175781,10.14000000000001,1.7874984997187766,20668200,False,False
CPRO.JK,50.0,50.0,50.0,50.0,50.6,50.36,52.29,0.6000000000000014,0.6200544431702709,1755100,True,False
CSAP.JK,296.0,294.6666666666667,292.8,291.6,291.0,286.07199829101563,281.5980670166016,4.964000854492184,2.0479724890163213,119300,True,False
CSIS.JK,216.0,220.0,220.4,221.6,212.35,183.17000061035156,171.670601272583,19.214999694824215,3.9284150146912915,1260300,False,False
CSMI.JK,183.0,183.0,177.6,164.1,134.2,97.96,95.14,85.04,12.286490433539859,0,False,False
CTBN.JK,3120.0,3116.6666666666665,3134.0,3296.0,3655.0,4476.6,4925.259638671875,135.9933333333334,4.39492505296836,21300,False,False
CTRA.JK,630.0,636.6666666666666,632.0,625.5,617.25,577.626314086914,599.3294635009765,11.808070515950522,1.6114628871591639,2277000,False,False
DART.JK,164.0,163.66666666666666,163.8,164.6,160.6,138.02,139.11,26.579999999999984,1.4478518370319515,171800,False,False
DAYA.JK,1120.0,1125.0,1126.0,1084.5,1040.25,1010.8,1030.35,23.04000000000001,2.4094214379387613,14000,False,False
DCII.JK,200200.0,197500.0,199890.0,201960.0,202066.25,195502.5,195395.5,262.55,1.9898619587370314,1500,False,False
DEWA.JK,456.0,452.6666666666667,449.2,447.2,454.5,403.54670959472656,414.7279197692871,26.226645202636718,3.9514950878925106,249983500,False,False
DFAM.JK,82.0,83.0,82.2,81.4,81.1,81.62,94.75,1.9000000000000057,2.142670534756905,2957100,True,False
DGIK.JK,145.0,143.66666666666666,140.6,137.4,132.7,129.28,130.29,15.719999999999999,2.902022064910754,2716500,False,False
DILD.JK,123.0,123.66666666666667,122.2,120.0,118.15,115.58,119.23,8.086666666666673,1.9129979933494776,12123400,False,False
DIVA.JK,138.0,138.0,138.0,136.9,137.05,123.38,133.4,14.620000000000005,2.8855235450519543,851700,False,False
DKFT.JK,670.0,670.0,669.0,666.5,669.25,655.2,692.2,2.959999999999991,1.5519004745987846,1858500,True,False
DLTA.JK,1790.0,1791.6666666666667,1789.0,1787.5,1785.5,1767.6199951171875,1767.982159423828,4.809334309895848,0.5666181965256943,89100,True,False
DMAS.JK,194.0,200.0,195.6,182.1,165.55,149.31125823974608,140.2934105682373,50.68874176025392,5.4555095209025986,131848200,False,False
DMMX.JK,188.0,188.66666666666666,192.6,188.2,188.45,175.32129425048828,182.64488433837892,17.278705749511715,4.437033182667541,557800,False,False
DPNS.JK,310.0,310.0,310.0,310.0,310.0,310.0,310.0,0.0,0.0,0,True,False
DSSA.JK,1145.0,1130.0,1135.0,1092.0,1023.25,904.9,1163.68,48.02,3.1543446428526725,194721400,False,False
DUTI.JK,4800.0,4806.666666666667,4810.0,4800.0,4567.5,4326.6554296875,4021.5955200195312,48.33445703124998,1.4509540126850498,400,False,False
DVLA.JK,1600.0,1593.3333333333333,1588.0,1584.0,1582.75,1563.9240747070312,1541.8467883300782,7.215185058593761,0.45241966417920215,15500,False,False
DWGL.JK,242.0,244.66666666666666,264.4,281.8,330.7,279.64,272.58,44.349999999999994,6.899277938560042,3817000,False,False
DYAN.JK,88.0,89.0,88.6,88.8,87.25,82.36,81.57,6.640000000000001,2.493911842809171,2277200,False,False
ECII.JK,159.0,158.66666666666666,158.0,157.1,157.7,147.0,153.77,12.0,1.2739797116850486,695600,False,False
EDGE.JK,4790.0,4790.0,4790.0,4790.0,4790.0,4790.0,4790.0,0.0,0.0,0,True,False
EKAD.JK,408.0,410.0,414.0,379.8,301.0,221.74,193.57833221435547,96.13,8.345445556622444,2315400,False,False
ELSA.JK,725.0,725.0,712.0,711.0,702.75,653.3,643.7135479736328,14.340000000000009,2.7530689864832967,23073400,False,False
ELTY.JK,38.0,39.0,38.4,38.3,38.4,30.58,33.13,8.420000000000002,4.896936117333562,31825000,False,False
EMDE.JK,79.0,78.33333333333333,77.0,76.5,77.2,72.36,71.55,6.640000000000001,2.1616383710004814,7308300,False,False
EMTK.JK,525.0,525.0,520.0,524.0,520.75,519.68,618.9192004394531,1.06400000000001,2.99349812632625,20319300,True,False
ENRG.JK,1365.0,1338.3333333333333,1303.0,1292.0,1241.8708404541017,1252.1483361816406,1410.3241680908204,24.62583190917967,2.546748143292789,68953200,False,False
ERAA.JK,510.0,500.6666666666667,497.2,484.0,471.2,406.23737548828126,382.02256378173826,20.752524902343747,2.2578277012069594,143799500,False,False
ERTX.JK,186.0,185.33333333333334,184.2,183.4,187.55,166.38,172.96,21.170000000000016,1.2030672879552162,192500,False,False
ESSA.JK,700.0,681.6666666666666,655.0,637.5,646.75,611.2309692382812,649.3471069335938,17.75380615234376,3.528020558579379,112154800,False,False
EURO.JK,1345.0,1345.0,1370.0,1472.5,1639.0,1739.8,2029.484139404297,78.96,2.4741123998441665,372500,False,False
EXCL.JK,2710.0,2766.6666666666665,2768.0,2777.0,2685.0,2567.2,2738.3,20.980000000000018,2.1487290661944773,3334400,False,False
FAST.JK,476.0,472.6666666666667,472.8,469.8,437.8,336.96,306.08,69.52000000000001,6.230237404388884,8887100,False,False
FILM.JK,820.0,820.0,821.0,807.0,893.25,1227.5,1754.85,84.1,5.810848130383948,17070900,False,False
FIRE.JK,119.0,118.0,115.6,113.0,110.7,107.2,117.0,11.799999999999997,5.235492983672604,16287200,False,False
FISH.JK,615.0,616.6666666666666,616.0,609.0,605.5,610.6,664.3469158935546,2.233333333333326,1.1118747477163915,11100,True,False
FMII.JK,250.0,252.66666666666666,253.6,253.2,252.0,251.12,246.14,1.7999999999999972,2.7699305204270153,9400,True,False
FOOD.JK,176.0,176.0,176.0,176.0,176.0,175.94,177.33,0.060000000000002274,0.0,0,True,False
FORU.JK,2580.0,2566.6666666666665,2336.0,2266.5,2290.25,2730.5,2264.3,46.4,9.24812386928994,437000,False,False
FPNI.JK,615.0,618.3333333333334,620.0,592.5,509.85,404.34,409.59,43.132000000000005,10.14277284197496,2927600,False,False
GDST.JK,112.0,112.33333333333333,112.0,112.4,114.95,98.84,96.34,16.11,1.5152701312316093,1869400,False,False
GEMA.JK,93.0,90.0,87.0,84.6,82.7,80.54,82.35023704528808,12.459999999999994,4.310799498627891,20485100,False,False
GEMS.JK,7250.0,7133.333333333333,7035.0,6867.5,6718.75,6485.0,7013.0,30.6,0.9405113981019141,88800,False,False
GGRM.JK,20125.0,20416.666666666668,20085.0,20130.0,20321.25,18239.425,16546.575,87.08966666666674,2.862175080274889,368200,False,False
GIAA.JK,66.0,65.66666666666667,65.6,67.9,66.95,58.68,60.86,9.220000000000006,3.682112144559996,34394500,False,False
GJTL.JK,1380.0,1393.3333333333333,1406.0,1387.5,1348.0,1226.8,1167.9500146484374,35.84000000000001,1.8677286138967422,7411200,False,False
GLOB.JK,155.0,155.0,155.0,155.0,155.0,155.0,155.0,0.0,0.0,0,True,False
GOLD.JK,272.0,272.0,274.4,275.6,272.5,262.08,268.1,6.760000000000019,3.0219897112720124,91700,False,False
GOOD.JK,316.0,318.0,314.8,310.4,306.4,304.24,319.0909384155273,6.8799999999999955,1.2239000512895248,192300,False,False
GOTO.JK,50.0,50.0,50.0,50.0,50.0,50.0,50.51,0.0,0.0,3929000,True,False
GPRA.JK,113.0,112.33333333333333,111.4,110.7,109.2,104.0058822631836,105.81019439697266,8.994117736816406,1.686074037358294,150402900,False,False
GPSO.JK,306.0,302.6666666666667,300.0,297.2,292.6,312.12,358.96,9.759999999999991,3.1809262665505837,34463700,False,False
GSMF.JK,98.0,98.0,98.0,95.8,91.6,86.88,95.57,11.120000000000005,4.132314387630073,4115500,False,False
GTBO.JK,170.0,170.0,170.0,170.0,170.0,170.2,186.55,0.19999999999998863,0.0,0,True,False
GWSA.JK,174.0,171.33333333333334,172.2,165.1,151.5,132.98,135.74,41.02000000000001,2.8224675842609264,7633600,False,False
GZCO.JK,200.0,190.0,186.0,181.7,177.3,159.46,171.59,40.53999999999999,4.656549523312265,168512300,False,False
HADE.JK,17.0,16.666666666666668,16.6,16.8,17.6,17.42,17.52,1.0,4.861214092389717,5151000,False,False
HEAL.JK,690.0,681.6666666666666,672.0,670.0,714.0,797.7,907.0835144042969,25.54000000000001,4.083953233950273,12700800,False,False
HELI.JK,195.0,194.33333333333334,195.6,196.0,194.9,187.56,186.81,8.439999999999998,1.8373909708529736,457600,False,False
HERO.JK,332.0,334.0,332.8,334.2,336.8,330.0,364.85,3.4000000000000057,1.384191009487224,162200,True,False
HEXA.JK,4490.0,4490.0,4452.0,4396.0,4423.5,4429.2,4431.1,9.4,0.9498248360514447,216500,False,False
HITS.JK,116.0,116.0,116.0,116.0,116.0,116.0,116.0,0.0,0.0,0,True,False
HMSP.JK,735.0,736.6666666666666,738.0,741.0,746.25,712.6,692.45009765625,6.729999999999995,0.8879311270191824,6803100,False,False
HOKI.JK,56.0,55.666666666666664,55.8,55.8,55.3,54.1,58.27,1.8999999999999986,2.442929103919824,11742000,True,False
HOMI.JK,212.0,212.66666666666666,211.2,213.0,202.35,191.56,204.39,10.719999999999999,2.79582497636114,1081300,False,False
HRTA.JK,2270.0,2240.0,2282.0,2298.0,2204.0,1993.0,2217.3611572265627,30.5,3.542117826917609,5527200,False,False
HRUM.JK,930.0,928.3333333333334,924.0,913.5,881.75,822.4,850.65,21.520000000000003,2.228402162111999,9450200,False,False
IATA.JK,123.0,124.33333333333333,120.4,119.2,116.9,84.4,79.1,39.93333333333332,7.423503334664919,208357900,False,False
IBFN.JK,63.0,63.0,63.0,63.0,63.0,63.28,68.57,0.28000000000000114,0.0,0,True,False
IBST.JK,8475.0,8475.0,8475.0,8475.0,8475.0,8475.0,8432.25,0.0,0.0,0,True,False
ICBP.JK,7250.0,7408.333333333333,7625.0,7672.5,7595.0,7076.99244140625,6826.901323242188,23.820302343750008,2.0036156821193223,3779900,False,False
ICON.JK,137.0,136.0,132.2,131.8,126.9,114.16,115.26,22.840000000000003,4.821054786897715,257062900,False,False
IDPR.JK,274.0,275.3333333333333,272.0,267.8,269.2,285.7379864501953,291.0208044433594,8.968993225097648,1.5711599620067975,20600,False,False
IFII.JK,204.0,203.33333333333334,204.0,205.8,206.0,209.32,216.22,2.993333333333325,0.9969265895114026,212000,True,False
IGAR.JK,478.0,478.6666666666667,475.6,470.4,457.9,432.6,441.0316943359375,23.03333333333333,1.1560992014186346,114100,False,False
IKAI.JK,19.0,19.333333333333332,19.6,19.6,20.35,19.48,20.76,1.3500000000000014,3.7771282008118128,1176300,True,False
IKBI.JK,515.0,520.0,522.0,524.0,555.3502716064453,528.9090576171875,515.6752056884766,8.070054321289058,1.1938885061027789,206500,False,False
IMAS.JK,875.0,876.6666666666666,878.0,883.0,870.75,842.9244714355468,910.9677673339844,8.015105712890636,1.459519688408346,30200,False,False
IMJS.JK,167.0,168.33333333333334,169.4,169.4,165.9,152.58440856933595,160.56945770263673,16.815591430664057,2.9636662842907837,1243700,False,False
IMPC.JK,1405.0,1403.3333333333333,1401.0,1380.0,1443.5,1467.6,1730.65,17.519999999999982,4.89846458866858,4213300,False,False
INAF.JK,126.0,126.0,126.0,126.0,126.0,126.0,126.0,0.0,0.0,0,True,False
INAI.JK,176.0,176.33333333333334,177.2,177.1,177.1,161.12,166.15,16.079999999999984,1.7932964429503206,104200,False,False
INCF.JK,50.0,50.0,50.0,50.0,50.0,50.0,52.25,0.0,0.0,0,True,False
INCO.JK,4890.0,5063.333333333333,5143.0,5171.5,5243.25,4939.5,5259.205771484375,35.325,2.446211258564835,15789900,False,False
INDF.JK,7100.0,7266.666666666667,7280.0,7305.0,7316.25,6944.323935546875,6698.84791015625,14.877042578125002,1.7799923063237952,3246400,False,False
INDX.JK,60.0,60.0,60.0,60.0,60.0,60.08,75.83,0.0799999999999983,2.837818317547164e-07,0,True,False
INDY.JK,2710.0,2750.0,2770.0,2718.0,2644.5,2388.4,2654.5350512695313,38.15999999999999,2.7512916220209194,13686200,False,False
INET.JK,346.0,350.0,348.0,330.8,283.2,239.54,250.88,55.230000000000004,6.296159101340135,193752700,False,False
INPC.JK,155.0,152.66666666666666,150.8,147.4,144.1,137.6,143.01,17.400000000000006,2.847907915212804,15182700,False,False
INPP.JK,735.0,736.6666666666666,737.0,735.0908142089844,730.0622375488281,712.0375415039063,743.8794775390625,4.992491699218749,1.681855275103263,4600,True,False
INRU.JK,590.0,590.0,590.0,590.0,590.0,590.0,590.0,0.0,0.0,0,True,False
INTA.JK,61.0,61.0,61.0,61.0,61.0,61.16,66.82,0.1599999999999966,0.0,0,True,False
INTD.JK,286.0,286.0,285.6,288.6,280.4,251.04,249.82,18.780000000000015,3.7114619568163985,1383400,False,False
INTP.JK,5575.0,5541.666666666667,5540.0,5537.5,5426.25,4840.5,4683.383227539062,29.38,1.9535141462329462,481800,False,False
IPAC.JK,186.0,181.66666666666666,181.4,181.2,174.65,164.44,157.67,21.560000000000002,2.903499160694222,305500,False,False
IPCC.JK,1150.0,1150.0,1150.0,1153.5,1161.25,1169.3,1167.355962524414,3.859999999999991,0.584958463128441,299100,True,False
IPCM.JK,298.0,298.6666666666667,299.6,301.0,302.1,307.8694989013672,306.4101904296875,4.934749450683597,0.41885799089236747,632100,True,False
IPOL.JK,113.0,113.0,112.8,112.8,112.4,108.38,113.28,4.6200000000000045,1.017528069961568,2220000,True,False
ISAT.JK,2350.0,2413.3333333333335,2476.0,2568.0,2398.0,2079.0,2040.313935546875,48.9,3.7158018836417055,42486100,False,False
ISSP.JK,418.0,420.6666666666667,420.8,424.4,429.2,411.08,411.873678894043,9.060000000000002,1.7380766047863327,786800,False,False
ITMG.JK,26475.0,26175.0,25945.0,25582.5,25183.75,24126.0,24099.160625,93.96,1.0932147332891446,1348500,False,False
JAST.JK,94.0,94.0,95.8,93.1,88.35,84.18,88.0,11.61999999999999,8.432720596572286,8784700,False,False
JAWA.JK,135.0,133.33333333333334,133.4,132.8,131.15,122.72,134.3,12.280000000000001,4.5968372098756305,1159800,False,False
JECC.JK,650.0,653.3333333333334,647.0,640.0,639.25,633.46,681.549716796875,3.974666666666667,1.802839495692442,16700,True,False
JGLE.JK,88.0,89.66666666666667,86.6,86.6,88.35,68.56,68.61,21.10666666666667,7.301812773383418,316484300,False,False
JIHD.JK,464.0,456.0,449.6,440.2,438.2,429.04,448.66,17.47999999999999,3.308191853572532,464000,False,False
JPFA.JK,2230.0,2223.3333333333335,2210.0,2215.0,2228.0,2116.3,2232.295498046875,11.369999999999981,2.022781069853843,5832000,False,False
JRPT.JK,1120.0,1096.6666666666667,1089.0,1082.5,1082.25,1080.4,1072.2234790039063,7.919999999999982,1.0602733722891233,176100,False,False
JSMR.JK,2960.0,2963.3333333333335,2906.0,2838.0,2799.0,2773.8,2823.6164038085935,18.95333333333333,1.6862224686044698,1866900,False,False
JTPE.JK,605.0,608.3333333333334,609.0,614.0,612.25,607.8,600.4225,1.8,0.6801058725716478,451600,True,False
KAEF.JK,436.0,436.0,436.0,437.6,444.7,448.6,472.38,6.300000000000011,0.5860586749003505,253000,False,False
KARW.JK,212.0,212.0,212.0,212.0,212.0,213.48,247.56,0.7399999999999949,0.0,0,True,False
KDSI.JK,458.0,461.3333333333333,462.4,460.8,459.3,448.52,448.16,6.939999999999998,0.8655908798410893,4800,False,False
KEJU.JK,625.0,620.0,612.0,599.0,591.0,563.7,562.7917996215821,12.259999999999991,1.4392153997695332,49400,False,False
KICI.JK,258.0,273.3333333333333,258.0,228.6,211.95,196.66,201.78,38.33666666666666,9.21568895733828,23757000,False,False
KIJA.JK,202.0,208.66666666666666,210.8,201.4,165.25,141.46,148.48,34.67,11.092765489467231,91671700,False,False
KINO.JK,1330.0,1338.3333333333333,1346.0,1340.0,1324.25,1223.9,1158.387987060547,24.41999999999998,1.8073937689211863,25100,False,False
KIOS.JK,99.0,100.66666666666667,100.4,98.4,97.45,93.44,95.57,7.226666666666674,2.3045768370670072,8373600,False,False
KLBF.JK,755.0,771.6666666666666,784.0,794.5,792.25,760.4,788.2999981689453,7.9,2.4120340380545136,35337400,False,False
KMDS.JK,520.0,521.6666666666666,519.0,525.0,527.0,533.3,535.6415133666992,2.859999999999991,1.778932523204689,8400,True,False
KMTR.JK,256.0,249.33333333333334,243.6,238.8,234.6,230.84,237.96,12.579999999999998,1.6373383021426755,15200,False,False
KOBX.JK,176.0,175.33333333333334,176.0,172.5,170.35,156.92,162.3,19.080000000000013,3.239151441480259,2440300,False,False
KOIN.JK,78.0,78.0,78.0,78.0,78.0,77.86,78.18,0.14000000000000057,0.0,0,True,False
KOPI.JK,208.0,206.66666666666666,205.6,204.4,205.7,197.9,210.63,5.049999999999997,1.7241771421794967,248800,True,False
KPIG.JK,66.0,66.0,66.0,66.5,70.9,76.76,90.09,10.760000000000005,3.137999506492707,108785100,False,False
KRAS.JK,240.0,240.0,234.4,229.8,227.6,221.12,235.8,9.439999999999998,2.3947064569876377,3835500,False,False
KREN.JK,14.0,13.333333333333334,13.6,13.3,13.25,12.68,13.89,1.3200000000000003,6.660621815024785,2319200,False,False
LABA.JK,120.0,125.0,120.0,109.5,101.9,95.54,103.04,29.459999999999994,11.773965152470327,25837000,False,False
LAPD.JK,71.0,72.66666666666667,71.4,69.0,67.0,65.0,70.44,7.666666666666671,2.8996640465990993,31638400,False,False
LEAD.JK,113.0,114.66666666666667,109.4,108.3,109.45,103.74,111.39,10.926666666666677,7.114677065542479,15644700,False,False
LINK.JK,1500.0,1501.6666666666667,1507.0,1502.0,1466.75,1455.5,1503.9,10.3,2.1143963475862106,9100,False,False
LION.JK,406.0,370.0,363.2,355.4,352.6,340.56,362.92,32.72,4.649702234324981,582400,False,False
LMPI.JK,165.0,167.0,165.6,160.6,153.1,143.7,147.64,23.30000000000001,1.9244133500275693,96900,False,False
LMSH.JK,256.0,256.0,256.0,256.0,256.0,256.0,256.0,0.0,0.0,0,True,False
LPCK.JK,600.0,605.0,601.0,603.0,601.5,548.48,564.19,11.303999999999997,2.1826643628993634,410000,False,False
LPGI.JK,640.0,643.3333333333334,640.0,637.5,635.75,652.7,667.9297125244141,3.390000000000009,1.7407816260956575,1500,True,False
LPKR.JK,62.0,62.333333333333336,62.4,63.0,63.1,61.52,68.86,1.5799999999999983,2.3333898589912363,49229900,True,False
LPLI.JK,242.0,242.0,242.0,243.0,244.4,243.04,258.82,1.2000000000000028,0.46411310915194964,28800,True,False
LPPF.JK,1595.0,1598.3333333333333,1602.0,1609.5,1598.0,1557.6,1586.3693347167969,10.380000000000019,0.6881311359205297,1033800,False,False
LPPS.JK,83.0,82.66666666666667,82.2,81.9,81.9,76.92,77.79,6.079999999999998,1.964551303831108,1107500,False,False
LSIP.JK,1575.0,1523.3333333333333,1499.0,1472.5,1453.25,1365.5409765625,1360.7915881347656,41.891804687500006,2.219237118690809,20850500,False,False
LTLS.JK,855.0,851.6666666666666,849.0,845.5,843.25,806.3,787.3760906982421,9.740000000000009,0.9316398692567677,7100,False,False
LUCK.JK,114.0,113.33333333333333,112.8,113.0,114.05,106.92,107.52,7.1299999999999955,2.155941034136876,262700,False,False
MAPI.JK,1450.0,1438.3333333333333,1462.0,1479.0,1537.0,1528.5013208007813,1462.3773254394532,19.73333333333335,3.0509122618124227,1898300,False,False
MBAP.JK,1630.0,1671.6666666666667,1595.0,1532.0,1490.75,1424.4,1501.9,49.45333333333333,4.445390074055835,100700,False,False
MBSS.JK,2850.0,2830.0,2828.0,2830.0,2830.5,2710.8,2490.1,13.919999999999982,0.6208466044943178,5858200,False,False
MDKA.JK,2860.0,2903.3333333333335,2956.0,2950.0,2927.0,2767.9872119140623,2831.657692871094,18.80127880859377,1.837868530321874,14860900,False,False
MDLN.JK,50.0,50.0,50.0,50.0,50.05,50.1,51.5,0.10000000000000142,0.0,19300,True,False
MDRN.JK,26.0,26.0,26.0,26.0,26.0,26.18,33.81,0.17999999999999972,0.0,0,True,False
MEDC.JK,1475.0,1446.6666666666667,1412.0,1401.5,1360.0,1259.3,1350.4810656738282,43.14000000000001,3.4021282131655397,47537500,False,False
MEGA.JK,1965.0,1965.0,1963.0,1972.0,1977.0,1993.6,2084.390263671875,6.1199999999999815,0.47625292986130957,11400,False,False
MERK.JK,3880.0,3870.0,3886.0,3914.0,3927.5,3848.0,3747.3275830078123,7.95,0.7233043322260609,3100,False,False
MFMI.JK,1300.0,1300.0,1300.0,1300.0,1300.0,1300.0,1286.37,0.0,0.0,0,True,False
MGRO.JK,675.0,678.3333333333334,680.0,676.5,673.75,674.4,679.8,1.25,1.4293108582574523,1883900,True,False
MICE.JK,555.0,551.6666666666666,545.0,535.5,528.75,513.2592102050781,503.79633850097656,8.34815795898437,1.0071790697430572,31100,False,False
MIDI.JK,276.0,274.6666666666667,276.0,277.6,276.6,279.88,291.14966857910156,2.606666666666655,1.3091468326920008,682600,True,False
MKNT.JK,1.0,1.0,1.0,1.0,1.0,1.0,1.0,0.0,0.0,0,True,False
MKPI.JK,21975.0,21975.0,21995.0,22040.0,22002.5,21495.0,21336.67107421875,21.8,0.3290808231354488,40000,False,False
MLBI.JK,6900.0,6891.666666666667,6885.0,6895.0,6920.0,6587.0,6090.1013671875,13.32,0.4171672695231418,46000,False,False
MLPL.JK,93.0,93.0,93.0,93.9,95.3,89.82,91.13,5.480000000000004,2.223002507618012,6216300,True,True
MNCN.JK,200.0,200.66666666666666,200.8,202.0,201.5,203.84,216.14,3.8400000000000034,1.0852911112814367,15412200,True,False
MOLI.JK,304.0,307.3333333333333,296.8,288.6,280.4,260.96,252.0368623352051,23.186666666666667,4.399015618423996,1485900,False,False
MPPA.JK,46.0,45.333333333333336,44.8,46.1,47.35,47.0,48.05,2.5500000000000043,2.791071013706607,1098100,True,False
MPRO.JK,12450.0,12375.0,12335.0,12500.0,12450.0,11071.0,9963.0,57.16,3.3321118952959563,300,False,False
MRAT.JK,414.0,413.3333333333333,412.0,414.2,426.6,436.0,432.98,12.0,1.2875401289975925,34000,False,False
MSKY.JK,64.0,64.33333333333333,64.0,64.6,66.1,62.42,69.3,3.6799999999999926,3.466091437607683,801900,True,False
MTDL.JK,510.0,508.3333333333333,508.0,508.5,508.5,508.66,518.7235000610351,0.4,1.0110241134672424,823200,True,False
MTEL.JK,478.0,475.3333333333333,470.4,458.2,446.6,458.15035034179687,471.6125277709961,15.699999999999989,1.3166881294372341,10055100,False,False
MTLA.JK,520.0,521.6666666666666,521.0,516.5,518.0,519.42,514.6608666992188,1.0333333333333257,1.6032030316601085,1300,True,False
MTWI.JK,254.0,251.33333333333334,249.2,248.4,251.5,260.44,276.663904876709,6.019999999999996,1.6963984429871153,88100,False,False
MYOH.JK,1135.0,1131.6666666666667,1133.0,1135.0,1092.75,1061.1,1102.7226989746093,14.780000000000019,2.0848503380211336,8200,False,False
NASI.JK,150.0,150.0,147.2,143.7,138.85,125.48,130.15,24.519999999999996,3.432167255530383,3070400,False,False
NELY.JK,214.0,215.33333333333334,209.2,205.8,203.45,203.02,233.25045959472655,6.156666666666666,3.11419682680924,451800,False,False
NFCX.JK,1710.0,1703.3333333333333,1697.0,1683.0,1610.25,1602.5,1671.25,21.5,3.053620392705252,2400,False,False
NICL.JK,500.0,511.6666666666667,510.0,493.4,481.4,493.9,610.0947064208984,15.133333333333354,2.7160228673634594,33853300,False,False
NISP.JK,1250.0,1243.3333333333333,1243.0,1249.5,1259.5,1236.2,1268.0549450683593,4.659999999999991,0.7210253711050915,1887400,True,False
NOBU.JK,530.0,511.0,504.6,503.0,502.45,463.34,480.56,13.332000000000004,1.96590276446959,5514800,False,False
NPGF.JK,57.0,57.0,57.2,58.2,58.53896560668945,57.836620025634765,63.05084445953369,1.5389656066894517,2.019105560258467,687100,True,False
NRCA.JK,585.0,595.0,592.0,579.5,553.75,498.24,503.5487258911133,19.351999999999997,3.3591889622047475,3679000,False,False
NSSS.JK,885.0,863.3333333333334,864.0,870.5,913.0,809.1,736.1891845703125,20.779999999999994,4.030736312830327,7185500,False,False
NTBK.JK,84.0,82.66666666666667,81.6,81.0,84.35,82.5,80.52162727355957,3.3499999999999943,4.413111917508099,10943500,False,False
OASA.JK,332.0,334.0,330.0,323.8,328.2,308.24,326.34,12.879999999999995,2.1897947028838454,25545800,False,False
OBMD.JK,183.0,188.33333333333334,191.0,193.0,192.8,184.28,196.31,10.0,2.6647825482742045,356400,False,False
OILS.JK,278.0,270.0,250.8,236.2,232.3,218.2,225.86,29.900000000000006,5.285527183771106,19600600,False,False
OMRE.JK,950.0,953.3333333333334,957.0,964.5,974.25,1022.5,978.8,14.5,1.8709851745870247,8200,False,False
OPMS.JK,123.0,122.33333333333333,122.2,122.7,124.8,109.74,114.49,15.060000000000002,2.08002256538762,1203400,False,False
PBID.JK,530.0,528.3333333333334,529.0,531.5,531.75,505.64,492.7475717163086,5.222000000000003,1.3160370592120945,369800,True,False
PBRX.JK,26.0,26.666666666666668,26.4,26.2,26.45,26.7,29.88,0.6999999999999993,2.133320025093576,5357000,True,False
PCAR.JK,42.0,42.0,41.4,41.8,42.45,40.24,38.95,2.210000000000001,2.259459985037089,2590100,True,True
PDES.JK,388.0,391.3333333333333,393.6,385.8,395.5,407.12,456.8900939941406,10.659999999999997,3.8259537944110016,755100,False,False
PGEO.JK,1035.0,1036.6666666666667,1034.0,1042.5,1055.75,996.3,972.1261218261719,11.89000000000001,2.5779037559963363,7186000,False,False
PGAS.JK,1535.0,1540.0,1533.0,1527.5,1514.0,1490.7,1588.1603393554688,9.85999999999999,1.3012455528547724,14802600,False,False
PGJO.JK,970.0,938.3333333333334,931.0,911.5,842.5,758.5,770.9,42.3,2.9215499801865716,1569900,False,False
PGLI.JK,214.0,214.0,210.8,210.0,209.7,198.42,202.2,7.790000000000006,1.950777314432068,37600,False,False
PGUN.JK,9650.0,9691.666666666666,9780.0,9670.0,8673.75,7895.5,8096.180703125,75.38,5.934181431135918,80200,False,False
PICO.JK,194.0,186.33333333333334,189.2,174.1,153.6,137.7,142.59,56.30000000000001,11.408065301929152,27254000,False,False
PJAA.JK,470.0,466.0,463.6,461.4,459.6,456.96,469.98193725585935,6.52000000000001,0.5079400353364094,74300,False,False
PKPK.JK,3730.0,3730.0,3712.0,3693.0,3751.5,3534.8,3147.35,21.66999999999998,1.852434364675637,212700,False,False
PLIN.JK,2510.0,2510.0,2510.0,2510.0,2510.0,2510.0,2487.88,0.0,0.0,0,True,False
PMMP.JK,50.0,50.0,50.0,50.0,50.0,50.0,50.0,0.0,0.0,0,True,False
PMJS.JK,149.0,149.33333333333334,144.4,134.4,126.35,114.44855758666992,117.15706665039062,34.88477574666342,4.429982839140203,1389600,False,False
PNBN.JK,910.0,898.3333333333334,897.0,899.0,902.25,892.4027038574219,908.3206072998047,3.5194592285156205,0.7173577866497035,3171500,True,True
PNBS.JK,50.0,50.0,50.0,50.0,50.05,50.1,50.3,0.10000000000000142,0.0,93500,True,False
PNIN.JK,725.0,721.6666666666666,727.0,721.0,717.5,722.1,743.35,1.9,1.6380898932713117,77400,True,False
PNLF.JK,226.0,226.0,226.8,230.2,230.5,224.64,232.53,2.930000000000007,1.3093775494357112,21670000,True,False
POLI.JK,955.0,911.6666666666666,883.0,830.0,793.0,740.9,879.15,42.82000000000001,4.026720034725962,212600,False,False
POLL.JK,112.0,112.0,112.0,112.0,112.0,112.0,112.0,0.0,0.0,0,True,False
POLY.JK,32.0,32.0,32.0,32.0,32.0,32.0,32.0,0.0,0.0,0,True,False
PORT.JK,895.0,903.3333333333334,901.0,907.5,893.5,873.8,886.85,6.740000000000009,1.873118813084769,1900,False,False
PPRE.JK,107.0,106.0,105.2,106.1,104.8,105.0,109.0,2.200000000000003,3.84577242964099,35376900,False,False
PPRO.JK,16.0,16.0,15.8,16.3,16.75,16.88,17.91,1.0799999999999983,3.8990944953383186,2236000,False,False
PTBA.JK,2780.0,2670.0,2608.0,2511.0,2435.5,2396.4,2533.911181640625,38.35999999999999,2.140796879753763,46313200,False,False
PTIS.JK,256.0,258.6666666666667,258.4,259.0,262.3,268.32,284.46,6.159999999999997,2.3264336755403705,65200,False,False
PTMP.JK,66.0,66.0,65.2,65.0,65.35,61.66,63.34,4.340000000000003,2.7496707577804136,3103200,True,True
PTPP.JK,204.0,203.0,202.8,205.4,203.7,198.94,214.08,3.230000000000004,3.0795400912589517,3451200,True,False
PTRO.JK,5350.0,5283.333333333333,5183.0,5170.0,5127.75,4559.3,4718.85,31.627999999999993,3.5584206504034275,32581100,False,False
PTSP.JK,1300.0,1115.0,1026.0,967.0,952.25,910.0,906.15,78.0,8.802469783377413,1491000,False,False
PUDP.JK,278.0,274.6666666666667,273.6,277.8,291.1,293.28,307.1285818481445,9.839999999999975,1.6431463650591265,39900,False,False
PWON.JK,274.0,276.6666666666667,274.0,270.4,264.5,260.16,274.4533853149414,8.25333333333333,1.86055518521455,9408000,False,False
PYFA.JK,250.0,252.0,248.4,237.4,225.4,211.64,247.88,20.180000000000007,6.6951481310945455,6113400,False,False
RAAM.JK,189.0,190.66666666666666,189.2,188.6,191.05,200.68,205.9,12.080000000000013,2.598873903260036,345500,False,False
RANC.JK,540.0,543.3333333333334,534.0,528.0,523.0,523.3,532.87,4.066666666666674,1.5580332288764833,61200,True,False
RBMS.JK,61.0,61.666666666666664,62.0,62.7,63.8,62.64,63.1,2.799999999999997,2.6806529014939287,4069200,True,False
RCCC.JK,116.0,115.0,114.0,110.6,106.35,96.28,99.01,19.72,2.48128564939538,2408900,False,False
RELI.JK,550.0,545.0,531.0,528.0,507.75,497.4,495.64,10.520000000000005,2.903145016884737,8200,False,False
RICY.JK,80.0,80.0,79.6,79.5,79.65,78.22,83.66,1.7800000000000011,0.9303716948806636,716200,True,False
RIGS.JK,745.0,701.6666666666666,693.0,688.0,685.25,683.7,681.8,12.259999999999991,2.895122225553834,3472400,False,False
RISE.JK,850.0,850.0,872.0,897.5,919.0,943.0,1208.65,18.6,2.580223900436777,364400,False,False
ROTI.JK,585.0,585.0,585.0,584.5,585.75,598.5,604.4029705810547,2.8,0.27261014311795984,246700,True,False
RUIS.JK,212.0,210.0,206.8,206.8,205.65,198.03875,197.7640625,6.980625000000003,2.932786952916514,550400,False,False
RUNS.JK,61.0,61.666666666666664,61.8,62.2,62.4,66.22,73.69,5.219999999999999,0.6746893985204631,359800,True,False
SAFE.JK,875.0,758.3333333333334,713.0,565.1,480.95,402.54,371.99,94.49199999999999,11.987663426497852,1586400,False,False
SAME.JK,326.0,327.3333333333333,319.2,305.8,301.2,313.12,318.86,13.066666666666663,2.377372005943792,925100,False,False
SAPX.JK,270.0,234.0,226.4,221.6,218.4,213.98,222.36,28.010000000000005,8.023842349060075,5660000,False,False
SCCO.JK,2350.0,2350.0,2346.0,2346.0,2328.0,2280.4,2266.4544580078127,6.959999999999991,1.1172247360667498,12000,False,False
SCMA.JK,206.0,203.33333333333334,203.2,207.4,204.75,205.06,217.93666458129883,2.1000000000000085,2.6468187044708285,16120500,True,False
SDMU.JK,91.0,90.33333333333333,91.8,88.7,84.75,82.62,85.06,9.179999999999993,8.155552554366691,20698600,False,False
SDRA.JK,222.0,223.33333333333334,222.8,220.6,221.4,214.8,228.46,4.266666666666666,0.8647242817268351,362300,True,False
SEMA.JK,113.0,113.33333333333333,112.8,107.8,103.35,97.7,101.87,15.633333333333326,2.2832303618327865,728400,False,False
SFAN.JK,2050.0,2046.6666666666667,2040.0,2033.0,2012.75,1984.7,1967.7,6.529999999999996,0.23796024055549042,17000,False,False
SGRO.JK,4950.0,4883.333333333333,4844.0,4815.0,4606.0,3667.3539794921876,3567.2671508789062,128.26460205078124,1.0130499758426215,57700,False,False
SIDO.JK,354.0,354.6666666666667,353.6,351.4,351.9,364.36,401.7885437011719,6.480000000000018,1.0435763042775916,14043100,False,False
SILO.JK,2140.0,2143.3333333333335,2154.0,2212.0,2272.5,2199.9,2307.05,13.25,1.8604875921876614,124500,False,False
SIMP.JK,640.0,630.0,623.0,614.5,605.25,570.6672717285156,599.2477386474609,13.866545654296875,2.1600559603583243,19272400,False,False
SINI.JK,12025.0,11725.0,10710.0,9347.5,8228.75,7591.37259765625,9965.686298828125,177.34509609375,6.787293733065407,11321000,False,False
SIPD.JK,910.0,935.0,928.0,847.5,771.75,722.6,799.1,42.48,6.264741074213329,25300,False,False
SKBM.JK,570.0,550.0,546.0,541.5,540.75,544.7,570.89,5.85,1.8548588203245244,906100,True,False
SKLT.JK,220.0,214.66666666666666,214.0,212.8,207.8,195.36,198.46571487426758,12.319999999999993,1.6103473098512622,124400,False,False
SLIS.JK,91.0,91.33333333333333,91.2,93.4,87.55,71.32,74.36,22.080000000000013,4.9412569244450415,23908100,False,False
SMCB.JK,775.0,775.0,775.0,775.0,775.0,775.0,761.4883380126953,0.0,0.0,0,True,False
SMDM.JK,545.0,548.3333333333334,546.0,546.0,553.75,563.1,566.31,3.6200000000000045,1.7102288816328304,3100,True,False
SMDR.JK,318.0,320.6666666666667,317.2,313.8,308.8,291.4526635742188,299.0570530700684,14.607001546223955,1.3773409197393576,6609100,False,False
SMGR.JK,1690.0,1633.3333333333333,1581.0,1553.5,1561.25,1501.2,1715.6489331054688,37.75999999999999,5.822419317191028,16093900,False,False
SMIL.JK,412.0,412.0,410.8,401.4,398.4,353.12,312.8,29.439999999999998,2.0870569752365515,57921100,False,False
SMMA.JK,20200.0,20116.666666666668,20095.0,20092.5,20110.0,20690.0,19085.25,23.9,0.4113264360196326,300,False,False
SMMT.JK,1995.0,1990.0,1998.0,1977.5,1923.0,1856.1,1888.45,28.380000000000017,2.7478667661990936,470200,False,False
SMRA.JK,320.0,318.6666666666667,317.2,320.6,324.0,308.32,305.0670948791504,7.840000000000003,1.6687436601034444,7389600,False,False
SMSM.JK,1715.0,1715.0,1714.0,1724.5,1724.9662963867188,1684.7191064453125,1694.9264038085937,8.04943798828126,0.7533311032174751,1325900,False,False
SNLK.JK,228.0,228.0,227.2,228.2,227.8,224.56,232.88,1.8199999999999932,1.68018853543226,12426800,True,False
SOCI.JK,575.0,580.0,566.0,554.5,526.15,427.53432312011716,425.14458038330076,30.493135375976568,3.757655199503953,5759500,False,False
SOHO.JK,1205.0,1203.3333333333333,1202.0,1196.5,1191.5,1174.7,1401.7,6.059999999999991,0.8871418773560313,6500,False,False
SONA.JK,2310.0,2450.0,2430.0,2456.0,2556.5,2395.086806640625,2268.368780517578,24.65,6.898620864963435,15400,False,False
SPMA.JK,166.0,167.33333333333334,166.8,165.9,165.1,164.9692303466797,163.05384567260742,2.3641029866536485,0.7925683755735611,68800,True,False
SQMI.JK,109.0,85.66666666666667,77.2,69.0,66.3,60.42,54.8,48.58,13.871019523505051,1247852200,False,False
SRAJ.JK,14275.0,14008.333333333334,14275.0,14117.5,13763.75,12181.0,12829.75,83.76,5.633540832040643,1600,False,False
SRSN.JK,92.0,94.0,85.6,78.3,74.75,69.98,68.19,24.019999999999996,10.17292432136529,36933400,False,False
SRTG.JK,1820.0,1838.3333333333333,1881.0,1896.0,1850.0,1719.1,1643.32076171875,35.38000000000002,2.0779090412118695,2780800,False,False
SSMS.JK,1010.0,955.0,939.0,922.0,922.0,883.6,967.8711462402343,25.279999999999994,3.5016759182738895,19285800,False,False
SSIA.JK,1885.0,1911.6666666666667,1891.0,1845.5,1759.0,1656.378115234375,1640.6941076660157,51.05771028645836,3.5190869108188494,13324100,False,False
SSTM.JK,478.0,495.3333333333333,470.0,435.6,426.6,406.4,483.58,44.46666666666667,8.847233819889242,165200,False,False
STAA.JK,1235.0,1228.3333333333333,1211.0,1175.0,1126.25,1071.5,1068.1658056640624,32.7,1.8531084230680075,4322000,False,False
STAR.JK,406.0,403.3333333333333,406.0,415.2,383.7,321.84,413.29,46.68000000000001,2.336343631572784,63700,False,False
STTP.JK,9475.0,9425.0,9430.0,9440.0,9575.0,9758.5,9784.5,13.34,0.5959651647746579,700,False,False
SULI.JK,90.0,92.33333333333333,91.2,91.3,93.1,86.46,89.93,6.640000000000001,3.283139981499286,6926000,False,False
SWAT.JK,16.0,16.0,16.0,16.0,16.0,16.0,16.0,0.0,0.0,0,True,False
TALF.JK,700.0,701.6666666666666,713.0,717.5,814.75,695.7635070800782,695.1385900878906,23.797298583984364,3.685477855101899,100200,False,False
TAMA.JK,208.0,216.0,221.6,239.4,243.8,205.18,192.02,19.310000000000002,5.8270483327877765,12711000,False,False
TAPG.JK,2300.0,2240.0,2160.0,2039.5,1909.7696716308594,1690.0988818359374,1636.565478515625,60.99011181640626,3.962297974342701,13406500,False,False
TARA.JK,29.0,29.0,29.0,29.2,29.65,29.8,30.06,0.8000000000000007,3.1047547953750887,86400,True,False
TBIG.JK,1460.0,1468.3333333333333,1476.0,1456.5,1427.0,1422.3,1472.2778491210938,10.740000000000009,1.7353198420433307,326300,False,False
TBLA.JK,630.0,626.6666666666666,625.0,627.0,625.0,625.3970568847657,620.8749911499024,1.0,0.9551031382515778,1626000,True,True
TELE.JK,9.0,9.0,9.0,9.0,9.0,9.0,9.0,0.0,0.0,0,True,False
TFCO.JK,850.0,870.0,884.0,886.0,839.0,747.4,706.4,27.720000000000006,5.4914364381630785,2900,False,False
TGKA.JK,4930.0,5018.333333333333,5022.0,5024.5,4989.75,4903.1,4792.077827148438,12.139999999999963,2.523234944659101,400,False,False
TINS.JK,3990.0,4040.0,4046.0,4045.0,3939.0,3673.636220703125,3558.0081079101565,37.23637792968748,2.158270058390088,26679000,False,False
TIRA.JK,404.0,405.3333333333333,406.4,410.2,427.3,504.24,620.27,50.120000000000005,1.3573810787927132,53100,False,False
TLKM.JK,2580.0,2596.6666666666665,2594.0,2601.0,2625.0,2582.4,2652.9759497070313,4.5,0.8267036934737229,54962500,True,False
TOBA.JK,600.0,610.0,607.0,574.5,543.15,471.9,491.82121032714844,27.620000000000005,5.106547410016077,15361600,False,False
TOPS.JK,1.0,1.0,1.0,1.0,1.0,1.0,1.0,0.0,0.0,0,True,False
TOTL.JK,1430.0,1466.6666666666667,1495.0,1469.0,1408.25,1199.7,1131.5489373779296,59.05999999999999,3.78034878849418,1367500,False,False
TOWR.JK,446.0,450.6666666666667,455.6,449.2,424.4,401.36,414.0689273071289,27.120000000000005,2.4408824950260555,12731900,False,False
TPIA.JK,1995.0,1983.3333333333333,1973.0,1967.0,2027.25,1981.4,2942.74541015625,12.05,2.9157238247418475,86648600,False,False
TPMA.JK,472.0,466.0,465.2,461.6,461.6,449.8,478.53,11.099999999999994,0.9663984398435462,1112100,False,False
TRIM.JK,645.0,638.3333333333334,629.0,617.5,608.0,582.0894982910156,561.0839331054688,12.582100341796878,1.7485789269621497,200900,False,False
TRIN.JK,338.0,341.3333333333333,339.2,336.2,325.2,331.68,462.72,8.066666666666663,5.860462760237692,10749600,False,False
TRIS.JK,177.0,177.0,175.8,174.5,172.45,167.32,169.33440811157226,9.680000000000007,1.2760874952063268,1276600,False,False
TRST.JK,458.0,461.3333333333333,463.6,463.2,459.6,468.4841650390625,466.0024948120117,5.2420825195312375,1.3298188780633606,18700,True,False
TRUS.JK,450.0,440.6666666666667,440.0,446.0,425.1,420.98181884765626,358.89305999755857,14.509090576171872,7.154465169434804,1279600,False,False
TSPC.JK,2770.0,2753.3333333333335,2748.0,2741.0,2777.5,2658.8,2545.0,11.869999999999981,1.18465446959349,214900,False,False
UANG.JK,2510.0,2496.6666666666665,2484.0,2466.0,2456.0,2364.5,2734.3,14.55,2.12177113379185,133600,False,False
UCID.JK,515.0,507.6666666666667,505.2,484.4,460.6,410.49383239746095,397.88567932128905,20.90123352050781,2.2206390193809344,568100,False,False
UNIC.JK,15000.0,15000.0,15010.0,15062.5,15100.0,13680.5,12769.636171875,56.78,0.3658596964167057,900,False,False
UNSP.JK,206.0,206.0,206.0,206.0,206.0,206.24,257.96,0.12000000000000455,0.0,0,True,False
UNTR.JK,25225.0,25000.0,24695.0,24275.0,23933.75,24267.0,25325.977421875,51.65,2.19903149663244,1643300,False,False
UNVR.JK,1695.0,1720.0,1735.0,1765.0,1777.5,1743.9,1679.5828942871094,16.5,1.6139966472761522,6276300,False,False
URBN.JK,228.0,222.66666666666666,219.2,216.0,213.8,214.58,207.24,7.099999999999994,3.408549898654698,79900,False,False
UVCR.JK,149.0,143.33333333333334,142.2,141.6,145.45,144.82,170.73780868530272,7.400000000000006,2.6665453434466273,51330200,False,False
VICO.JK,151.0,151.33333333333334,152.0,148.3,145.35,140.26,146.55,11.740000000000009,2.375671746779765,77600,False,False
VINS.JK,146.0,143.66666666666666,142.4,142.5,142.5,139.3,145.98,6.699999999999989,1.912551138274958,189600,False,False
VIVA.JK,46.0,48.0,48.8,50.6,52.8,41.98,41.09,10.82,5.215516443544528,37644500,False,False
VKTR.JK,930.0,940.0,938.0,913.5,880.0,737.56,773.23,40.488000000000014,5.055499137339484,101221400,False,False
WAPO.JK,171.0,172.0,166.6,154.0,142.1,125.74,126.28,46.260000000000005,2.7591413804444573,540400,False,False
WEGE.JK,54.0,54.0,54.2,57.2,54.4,51.76,52.74,5.440000000000005,8.736231036882215,3223100,False,False
WICO.JK,123.0,123.0,123.0,123.0,123.0,123.0,123.0,0.0,0.0,0,True,False
WIFI.JK,2120.0,2116.6666666666665,2084.0,2072.0,2021.0,1897.3168310546876,1996.6288415527345,22.268316894531246,2.909904818227261,8575300,False,False
WIIM.JK,1645.0,1650.0,1661.0,1687.5,1731.5,1658.8,1663.6011877441406,17.3,2.034272963892393,585700,False,False
WINS.JK,545.0,551.6666666666666,540.0,528.5,520.0,522.0,518.0343075561524,6.333333333333326,2.0318111697719057,712000,False,False
WMUU.JK,50.0,50.0,50.0,50.7,52.85,51.76,57.89,2.8500000000000014,1.8204354897431525,807700,True,False
WOMF.JK,280.0,278.6666666666667,278.0,279.4,272.9,259.52,272.0,10.240000000000009,1.7655045951154684,799100,False,False
WOOD.JK,206.0,206.66666666666666,208.0,210.0,213.4,212.92,243.92,3.700000000000003,2.2739456131715796,2812400,True,False
WTON.JK,81.0,81.33333333333333,81.0,81.0,79.25,75.6,79.42371086120606,5.733333333333334,1.5983784744047442,887200,True,False
WSBP.JK,14.0,14.0,14.0,14.0,14.0,13.98,15.26,0.019999999999999574,0.0,0,True,False
YPAS.JK,1530.0,1463.3333333333333,1453.0,1460.0,1139.0,818.9,924.05,142.22,3.5051155446044797,820200,False,False
YULE.JK,3660.0,3603.3333333333335,3552.0,3514.0,3486.0,3410.6,3374.1014819335937,24.94000000000001,1.7044622088248111,75400,False,False
ZBRA.JK,50.0,50.0,50.0,50.0,50.0,50.0,50.0,0.0,0.0,0,True,False
ZINC.JK,30.0,30.0,30.0,30.0,30.0,30.0,30.0,0.0,0.0,0,True,False
